╔══════════════════════════════════════════════════════════════════════╗
║  E97v5: SMOOTH PREM + KOPPA                                        ║
║  ϟ = 4.43 mm   g = v²/R = 9.8183 m/s²                              ║
╚══════════════════════════════════════════════════════════════════════╝

  k = 37905.23    z = 6.959880e-10    ϟ = 4.434139 mm
  ∫ρdV = 5.975435e+24 kg    baryons = 3.598491e+51
  b = 1.563891e+98    a = 2.565558e+125    b/a = 6.095717e-28
  V_excl = 0.6603 cm³    P_conv = 2.460822e+48 Pa
  Total F = 1.005325e+77 N    Phase delay = 1.295e-29 s

  depth   r/R     ρ(PREM)  g_SDT   g_PREM  err%   P_SDT   P_PREM  Vp_SDT  Vp_PREM Vs_SDT  Vs_PREM
  (km)            (kg/m³)  (m/s²)  (m/s²)         (GPa)   (GPa)   (km/s)  (km/s)  (km/s)  (km/s)
  ─────────────────────────────────────────────────────────────────────────────────────────────────────
      0  1.0000     2600   9.818   9.810  +0.1     0.00     0.00    5.55    5.80    3.40    3.20
     25  0.9961     3381   9.837   9.818  +0.2     0.69     0.89    4.99    8.11    3.03    4.49
    100  0.9843     3373   9.858   9.841  +0.2     3.19     3.55    8.69    8.06    5.01    4.46
    200  0.9686     3362   9.896   9.873  +0.2     6.49     7.10    9.04    8.00    5.16    4.43
    400  0.9372     3543   9.967   9.935  +0.3    13.40    14.20    9.43    8.91    5.30    4.77
    600  0.9058     3976  10.002   9.998  +0.0    21.10    21.30   10.83   10.16    6.09    5.52
    670  0.8948     3992  10.012  10.020  -0.1    23.89    23.80   12.50   10.27    7.20    5.57
   1000  0.8430     4580   9.964  10.118  -1.5    38.67    40.43   12.46   11.46    7.04    6.40
   1500  0.7646     4860   9.925  10.267  -3.3    62.18    65.63   13.19   12.20    7.29    6.69
   2000  0.6861     5121   9.990  10.415  -4.1    87.00    90.83   13.88   12.82    7.51    6.93
   2500  0.6076     5372  10.243  10.564  -3.0   113.54   116.03   14.53   13.39    7.72    7.16
   2700  0.5762     5471  10.436  10.623  -1.8   124.69   126.11   14.78   13.63    7.80    7.25
   2891  0.5462     5566  10.680  10.680  -0.0   135.82   135.80   10.83   12.48    0.00    7.73
   3000  0.5291    10074  10.435  10.377  +0.6   147.39   145.11    8.33    8.25    0.00    0.00
   3500  0.4506    10766   9.224   8.987  +2.6   198.70   187.81    9.16    8.96    0.00    0.00
   4000  0.3722    11322   7.850   7.596  +3.3   246.04   230.51    9.83    9.51    0.00    0.00
   4500  0.2937    11756   6.377   6.206  +2.8   287.15   273.21   10.34    9.93    0.00    0.00
   5000  0.2152    12086   4.840   4.816  +0.5   320.72   315.91   10.73   10.27    0.00    0.00
   5150  0.1916    12764   4.395   4.399  -0.1   329.09   328.90   12.21   11.03    4.98    3.50
   5500  0.1367    12923   3.153   3.138  +0.5   346.13   338.94   11.79   11.14    3.79    3.58
   5800  0.0896    13018   2.079   2.057  +1.1   356.34   347.55   11.90   11.21    3.83    3.63
   6000  0.0582    13059   1.352   1.337  +1.2   360.83   353.29   11.95   11.24    3.84    3.65
   6200  0.0268    13082   0.622   0.616  +1.0   363.44   359.03   11.98   11.26    3.85    3.66
   6371  0.0000    13088   0.000   0.000  +0.0   364.15   363.94   11.99   11.26    3.86    3.67

══ RMS ERRORS (smooth PREM) ══
  g(r)  :  1.82%  (22 points)
  P(r)  :  4.30%  (22 points)
  v_p(r): 11.50%  (24 points)
  v_s(r): 28.00%  (19 points)

══ KOPPA TABLE ══
  Body       v(m/s)    R(m)           k        ϟ(mm)      g_calc    g_meas
  ────────────────────────────────────────────────────────────────────────────
  Earth       7909    6.3710e+06   37905.2       4.434    9.818    9.810
  Moon        1680    1.7374e+06  178447.9       0.055    1.624    1.625
  Mars        3555    3.3895e+06   84329.8       0.477    3.729    3.721
  Venus       7328    6.0518e+06   40910.5       3.616    8.873    8.870
  Jupiter    42100    6.9911e+07    7121.0    1378.695   25.352   24.790
  Saturn     25100    5.8232e+07   11943.9     408.195   10.819   10.440
  Sun       437000    6.9570e+08     686.0  1478234.968  274.499   274.000
  Mercury     3010    2.4397e+06   99598.8       0.246    3.714    3.700

  g = v²/R. No G. No M. ϟ = v²R/c². Done.
