   HIP      HD SpType     Teff  L/Lsun R/Rsun v_surf(km/s)   k=c/v  koppa(m) C=2pi.koppa(m) planets
 67422  120476 K2         4729   0.320  0.843       849.29   353.0    4705.2        29563.8       0
 54646   97101 K8V        3783   0.166  0.948       812.32   369.1    4844.7        30440.4       2
113576  217357 K5/M0V     3746   0.124  0.836       762.65   393.1    3764.1        23650.4       0
   171  224930 G3V        5681   0.614  0.809       638.49   469.5    2552.6        16038.2       0
 46580   82106 K3V        4868   0.241  0.690       550.42   544.7    1618.5        10169.6       0
 78775  144579 G8V        5214   0.443  0.816       539.47   555.7    1837.5        11545.4       0
 73184  131977 K4V        4744   0.204  0.669       517.37   579.5    1385.3         8704.4       0
 72567  130948 G2V        6059   1.223  1.004       515.22   581.9    2062.2        12957.2       0
  4148    5133 K2V        4940   0.297  0.744       509.33   588.6    1494.0         9387.2       0
 23311   32147 K3V        4827   0.276  0.751       505.93   592.6    1488.4         9351.6       0
 49908   88230 K8V        4081   0.125  0.707       502.34   596.8    1381.5         8680.2       0
 56452  100623 K0V        5189   0.368  0.751       499.94   599.7    1452.2         9124.3       0
 80725  148653 K2V        5040   0.636  1.046       496.56   603.7    1996.4        12543.6       0
120005   79211 K2         3769   0.086  0.688       495.38   605.2    1306.5         8208.8       1
 71181  128165 K3V        4809   0.252  0.723       485.10   618.0    1317.3         8276.9       0
 97944  188088 K3/K4V     4687   0.770  1.331       482.24   621.7    2395.6        15052.2       0
 71908  128898 F1Vp       7645  11.263  1.913       480.92   623.4    3424.9        21519.5       0
 15330   20766 G2V        5716   0.761  0.890       479.50   625.2    1583.2         9947.3       0
  7978   10647 F8V        6155   1.523  1.085       477.51   627.8    1915.6        12035.8       1
 85235  158633 K0V        5290   0.413  0.765       476.51   629.1    1344.7         8449.2       0
  3909    4813 F7IV-V     6271   1.697  1.104       476.02   629.8    1935.7        12162.5       0
 43726   76151 G3V        5789   1.009  0.999       474.14   632.3    1737.7        10918.5       0
   544     166 K0V        5577   0.616  0.841       471.55   635.8    1447.1         9092.1       0
 10798   14412 G8V        5371   0.435  0.762       470.01   637.8    1302.5         8183.8       0
 88601  165341 K0V SB     5312   0.594  0.910       468.52   639.9    1546.2         9715.0       0
 83389  154345 G8V        5488   0.617  0.869       468.48   639.9    1476.2         9275.1       1
 85295  157881 K7V        4059   0.106  0.658       468.21   640.3    1117.2         7019.7       0
  3497    4308 G3V        5670   1.012  1.043       468.00   640.6    1767.5        11105.4       1
 70857  128642 G5         5371   0.646  0.928       467.78   640.9    1572.2         9878.7       0
 57939  103095 G8Vp       5052   0.228  0.623       466.18   643.1    1048.6         6588.2       0
 67620  120690 G5V        5751   0.869  0.939       465.10   644.6    1572.4         9879.5       0
 15371   20807 G1V        5851   0.972  0.959       464.75   645.1    1604.2        10079.4       0
 72848  131511 K2V        5313   0.498  0.833       463.99   646.1    1388.0         8720.8       0
 68184  122064 K3V        4757   0.296  0.801       460.29   651.3    1313.6         8253.7       0
 62523  111395 G7V        5643   0.758  0.911       458.08   654.4    1479.6         9296.4       0
106696  205390 K2V        5053   0.306  0.722       457.53   655.2    1169.6         7348.7       0
 71681  128621 K1V        5178   0.444  0.828       457.32   655.5    1340.4         8422.1       2
 14954   19994 F8V        6187   3.848  1.707       454.32   659.9    2727.9        17139.7       1
 82860  153597 F6Vvar     6306   2.072  1.206       453.82   660.6    1922.6        12079.9       0
 34065   53705 G3V...     5826   1.372  1.150       453.42   661.2    1829.7        11496.3       0
 44897   78366 F9V        5980   1.258  1.045       452.64   662.3    1657.2        10412.7       0
107649  207129 G2V        5912   1.258  1.069       452.61   662.4    1695.3        10652.0       0
 98959  189567 G2V        5735   1.000  1.013       450.82   665.0    1593.6        10012.8       2
110109  211415 G1V        5870   1.144  1.034       450.30   665.8    1623.2        10199.1       0
 38784   62613 G8V        5502   0.638  0.879       450.01   666.2    1378.0         8658.2       0
 70319  126053 G1V        5666   0.812  0.935       448.38   668.6    1455.3         9144.0       0
 10138   13445 K0V        5165   0.406  0.796       448.33   668.7    1238.1         7779.2       1
 91009  234677 K7Vvar     4200   0.232  0.910       447.36   670.1    1409.3         8854.8       0
 95995  184467 K1V        5027   0.682  1.089       446.35   671.7    1679.0        10549.6       0
 79248  145675 K0V        5336   0.653  0.946       445.71   672.6    1454.0         9135.6       2
 13402   17925 K1V        5217   0.392  0.766       445.08   673.6    1175.2         7384.0       0
 58345  103932 K4V        4510   0.218  0.765       444.61   674.3    1170.2         7352.6       0
 96100  185144 K0V        5276   0.427  0.782       444.47   674.5    1196.0         7514.4       0
 22263   30495 G3V        5814   0.951  0.961       444.23   674.9    1468.2         9225.0       0
 53721   95128 G0V        5908   1.600  1.207       443.74   675.6    1840.2        11562.3       3
 29271   43834 G5V        5591   0.847  0.981       443.63   675.8    1494.3         9388.9       0
103389  199260 F7V        6257   2.025  1.211       439.32   682.4    1809.1        11367.1       0
 64797  115404 K2V        4952   0.330  0.780       438.92   683.0    1163.9         7312.7       2
  3821    4614 G0V SB     5932   1.209  1.041       436.46   686.9    1535.1         9645.2       0
 43587   75732 G8V        5295   0.602  0.922       435.08   689.0    1351.0         8488.3       7
 86036  160269 G0V        5980   1.342  1.079       434.28   690.3    1575.6         9900.0       0
107350  206860 G0V        5952   1.090  0.982       433.74   691.2    1429.8         8983.9       1
 77052  140538 G5V        5659   0.844  0.956       432.90   692.5    1386.4         8711.1       0
101997  196761 G8/K0V     5427   0.540  0.831       432.59   693.0    1204.1         7565.6       0
 64792  115383 G0Vs       6118   2.092  1.287       432.58   693.0    1864.8        11716.9       1
 19849   26965 K1V        5150   0.416  0.810       432.02   693.9    1170.5         7354.5       0
109378  210277 G0         5540   1.002  1.087       430.77   695.9    1560.8         9806.6       1
 32480   48682 G0V        6086   1.752  1.191       430.61   696.2    1708.9        10737.3       0
113357  217014 G5V        5791   1.368  1.162       430.33   696.7    1665.6        10465.5       1
 45617   79969 K3V        4639   0.485  1.078       429.09   698.7    1536.6         9654.5       0
 57507  102438 G5V        5559   0.690  0.896       428.80   699.1    1274.6         8008.5       0
 29568   43162 G5V        5633   0.692  0.873       428.37   699.8    1240.7         7795.3       0
 86796  160691 G5V        5787   1.821  1.342       426.74   702.5    1892.4        11890.1       4
 47592   84117 G0V        6160   1.934  1.221       426.16   703.5    1716.5        10785.0       0
 51502   90089 F2V        6710   2.840  1.247       425.74   704.2    1749.6        10993.0       0
 32439   46588 F8V        6191   1.710  1.137       425.62   704.4    1593.9        10014.8       0
105312  202940 G5V        5479   0.690  0.922       425.16   705.1    1289.9         8104.6       0
 71683  128620 G2V        5801   1.483  1.206       423.47   707.9    1673.5        10515.2       2
 49081   86728 G1V        5759   1.375  1.178       423.41   708.0    1634.6        10270.7       1
 42438   72905 G1.5Vb     5807   0.970  0.973       421.97   710.5    1341.1         8426.6       0
 12777   16895 F7V        6314   2.250  1.254       421.97   710.5    1727.7        10855.6       0
104214  201091 K5V        4394   0.144  0.655       420.99   712.1     898.3         5644.3       0
 40693   69830 K0V        5405   0.595  0.880       420.12   713.6    1201.8         7551.3       3
 15799   21175 K0V        5087   0.535  0.942       419.92   713.9    1285.3         8076.0       1
  3093    3651 K0V        5204   0.529  0.895       418.86   715.7    1215.1         7634.7       1
 78459  143761 G2V        5833   1.742  1.292       418.70   716.0    1753.8        11019.7       3
 33277   50692 G0V        5891   1.251  1.074       413.68   724.7    1422.4         8936.9       0
 38382   64096 G2V        5860   1.973  1.363       410.60   730.1    1778.5        11174.4       0
 68682  122742 G8V        5509   0.801  0.982       409.61   731.9    1276.0         8017.3       0
 17420   23356 K2V        4990   0.294  0.725       408.81   733.3     938.5         5897.0       0
 92043  173667 F6V        6431   6.141  1.996       408.62   733.7    2580.1        16211.1       0
 34017   52711 G4V        5887   1.298  1.095       408.28   734.3    1413.2         8879.5       0
114948  219482 F7V        6249   1.867  1.166       406.92   736.7    1494.2         9388.4       0
 84862  157214 G0V        5712   1.241  1.138       406.62   737.3    1455.9         9147.6       0
 69965  125276 F7Vw       6120   1.181  0.967       406.30   737.9    1235.2         7761.3       0
 51459   90839 F8V        6137   1.554  1.103       404.99   740.2    1400.0         8796.6       0
104217  201092 K7V        4002   0.092  0.631       403.84   742.4     796.5         5004.6       0
 88972  166620 K2V        5000   0.355  0.794       403.76   742.5    1002.0         6295.6       0
 67275  120136 F7V        6376   3.062  1.434       402.24   745.3    1796.1        11285.0       1
 99240  190248 G5IV-Vvar  5597   1.246  1.187       401.29   747.1    1479.8         9297.9       0
 89042  165499 G0V        5921   1.672  1.229       398.98   751.4    1514.1         9513.6       0
116745  222237 K3V        4750   0.221  0.694       395.31   758.4     839.7         5276.0       1
 73996  134083 F5V        6435   3.222  1.444       394.48   760.0    1739.6        10930.0       0
 25110   33564 F6V        6307   3.224  1.504       393.38   762.1    1801.4        11318.6       1
 72603  130819 F3V        6598   3.595  1.451       390.89   767.0    1716.2        10782.9       0
 99461  191408 K2V        4964   0.286  0.723       389.76   769.2     850.3         5342.3       0
 17439   23484 K1V        5166   0.402  0.792       389.44   769.8     929.2         5838.4       0
 27887   40307 K3V        4870   0.252  0.705       389.37   769.9     827.5         5199.6       5
  7513    9826 F8V        6155   3.363  1.613       389.04   770.6    1889.4        11871.4       3
 62207  110897 G0V        5860   1.055  0.997       384.99   778.7    1143.3         7183.7       0
 28103   40136 F1V        7000   5.562  1.604       383.48   781.8    1825.4        11469.0       0
  2941    3443 K1V+...    5509   1.258  1.231       381.40   786.0    1386.4         8711.2       0
 35136   55575 G0V        5917   1.444  1.143       380.48   787.9    1281.4         8051.0       0
 73100  132254 F7V        6220   2.831  1.449       377.34   794.5    1596.9        10033.8       0
 62145  110833 K3V        5018   0.359  0.793       372.20   805.5     850.1         5341.5       0
109422  210302 F6V        6339   2.801  1.388       369.27   811.9    1464.7         9202.8       0
 40843   69897 F6V        6241   2.371  1.317       363.93   823.8    1350.3         8484.0       0
 36439   58855 F6V        6309   2.357  1.285       359.47   834.0    1285.4         8076.2       0
 42430   73752 G3/G5V     5526   3.208  1.954       340.16   881.3    1750.2        10997.1       0
108870  209100 K5V        4629   0.215  0.721       338.97   884.4     641.2         4028.8       1
 65721  117176 G5V        5513   2.989  1.895       338.87   884.7    1684.5        10584.3       1
 45333   79028 F9V        5907   2.705  1.570       334.36   896.6    1359.0         8538.6       0
   910     693 F5V        6160   3.151  1.559       333.10   900.0    1338.5         8410.3       0
 96441  185395 F4V        6954   4.147  1.403       327.14   916.4    1162.3         7302.7       0
 73182  131976 K5V        4683   0.027  0.250        93.29  3213.4      16.8          105.7       0

total: 125 stars, 31 hosts
