# NP03C trefoil topology (fm units). R_p=8.414000e-16 m
# ISO sym Z A N scale_fm
# TRF tag cx cy cz nx ny nz Rt at rtube   (fm; tag c=core d=deuteron t=triton)
ISO He 2 4 0 8.414000000e-01
TRF c 0.000000000 0.420700000 0.000000000 0.000000000000 1.000000000000 0.000000000000 0.504840 0.168280 0.067312
TRF c 0.000000000 -0.420700000 0.000000000 0.000000000000 1.000000000000 0.000000000000 0.504840 0.168280 0.067312
ISO Li 3 7 1 8.414000000e-01
TRF c 0.000000000 0.420700000 0.000000000 0.000000000000 1.000000000000 0.000000000000 0.504840 0.168280 0.067312
TRF c 0.000000000 -0.420700000 0.000000000 0.000000000000 1.000000000000 0.000000000000 0.504840 0.168280 0.067312
TRF t 0.000000000 1.682800000 0.000000000 0.000000000000 1.000000000000 0.000000000000 0.504840 0.168280 0.067312
ISO C 6 12 4 1.891003259e-01
TRF c 0.000000000 0.420700000 0.000000000 0.000000000000 1.000000000000 0.000000000000 0.504840 0.168280 0.067312
TRF c 0.000000000 -0.420700000 0.000000000 0.000000000000 1.000000000000 0.000000000000 0.504840 0.168280 0.067312
TRF d -0.028700266 -1.009075556 0.207059792 -0.027850807169 -0.979209342962 0.200931319598 0.504840 0.168280 0.067312
TRF d -0.868222915 0.276751753 -0.481173957 -0.842525602135 0.268560566072 -0.466932363516 0.504840 0.168280 0.067312
TRF d 0.088574394 0.528848462 0.880002739 0.085952805040 0.513195817608 0.853956771795 0.504840 0.168280 0.067312
TRF d 0.808348787 0.203475341 -0.605888574 0.784423604264 0.197452959282 -0.587955727878 0.504840 0.168280 0.067312
ISO O 8 16 6 3.485192467e-01
TRF c 0.000000000 0.420700000 0.000000000 0.000000000000 1.000000000000 0.000000000000 0.504840 0.168280 0.067312
TRF c 0.000000000 -0.420700000 0.000000000 0.000000000000 1.000000000000 0.000000000000 0.504840 0.168280 0.067312
TRF d -1.117069344 0.179051635 -0.368787896 -0.938777404572 0.150473764585 -0.309926815291 0.504840 0.168280 0.067312
TRF d 0.137662148 -0.844439499 -0.826969761 0.115690323589 -0.709661155457 -0.694979707231 0.504840 0.168280 0.067312
TRF d 1.117069344 -0.179051635 0.368787896 0.938777404572 -0.150473764585 0.309926815291 0.504840 0.168280 0.067312
TRF d -0.137662148 0.844439499 0.826969761 -0.115690323589 0.709661155457 0.694979707231 0.504840 0.168280 0.067312
TRF d -0.386151698 -0.819005717 0.772026180 -0.324519234704 -0.688286779335 0.648805499129 0.504840 0.168280 0.067312
TRF d 0.386151698 0.819005717 -0.772026180 0.324519234704 0.688286779335 -0.648805499129 0.504840 0.168280 0.067312
ISO Ne 10 20 8 5.643059953e-01
TRF c 0.000000000 0.420700000 0.000000000 0.000000000000 1.000000000000 0.000000000000 0.504840 0.168280 0.067312
TRF c 0.000000000 -0.420700000 0.000000000 0.000000000000 1.000000000000 0.000000000000 0.504840 0.168280 0.067312
TRF d 0.289284780 -0.629028524 -1.223375146 0.205793233451 -0.447482283670 -0.870292336441 0.504840 0.168280 0.067312
TRF d -1.143186419 0.272834773 -0.771164908 -0.813247173373 0.194090923554 -0.548596161484 0.504840 0.168280 0.067312
TRF d -1.046943674 0.233831270 0.908427871 -0.744781402028 0.166344365422 0.646243154924 0.504840 0.168280 0.067312
TRF d 1.400641314 -0.086290987 -0.082262330 0.996397062461 -0.061386227473 -0.058520295588 0.504840 0.168280 0.067312
TRF d 0.425392575 -0.684187807 1.151927740 0.302618455845 -0.486721842490 0.819465629679 0.504840 0.168280 0.067312
TRF d 0.428509064 1.040381559 0.842612313 0.304835484078 0.740113202606 0.599422868245 0.504840 0.168280 0.067312
TRF d -0.685963960 -1.226925344 0.010814924 -0.487985373166 -0.872817898686 0.007693588827 0.504840 0.168280 0.067312
TRF d 0.332266320 1.079385061 -0.836980465 0.236369712733 0.767859760738 -0.595416448162 0.504840 0.168280 0.067312
ISO Si 14 28 12 7.590377398e-01
TRF c 0.000000000 0.420700000 0.000000000 0.000000000000 1.000000000000 0.000000000000 0.504840 0.168280 0.067312
TRF c 0.000000000 -0.420700000 0.000000000 0.000000000000 1.000000000000 0.000000000000 0.504840 0.168280 0.067312
TRF d 0.362514507 -1.464419211 -0.534285595 0.226509573369 -0.915011576285 -0.333837128606 0.504840 0.168280 0.067312
TRF d -1.532536770 0.445884660 -0.117980542 -0.957573402012 0.278601661745 -0.073717662954 0.504840 0.168280 0.067312
TRF d -0.829840466 0.078323267 1.366247327 -0.518508379920 0.048938647715 0.853670937020 0.504840 0.168280 0.067312
TRF d 1.532536770 -0.445884660 0.117980542 0.957573402012 -0.278601661745 0.073717662954 0.504840 0.168280 0.067312
TRF d 0.341365634 -1.102309454 1.108956654 0.213295144365 -0.688754902810 0.692908266112 0.504840 0.168280 0.067312
TRF d -0.362514507 1.464419211 0.534285595 -0.226509573369 0.915011576285 0.333837128606 0.504840 0.168280 0.067312
TRF d -1.097514919 -1.140440895 0.237185705 -0.685759138040 -0.712580532353 0.148200504403 0.504840 0.168280 0.067312
TRF d -0.341365634 1.102309454 -1.108956654 -0.213295144365 0.688754902810 -0.692908266112 0.504840 0.168280 0.067312
TRF d 1.097514919 1.140440895 -0.237185705 0.685759138040 0.712580532353 -0.148200504403 0.504840 0.168280 0.067312
TRF d 0.829840466 -0.078323267 -1.366247327 0.518508379920 -0.048938647715 -0.853670937020 0.504840 0.168280 0.067312
TRF d -0.795620870 -0.507582627 -1.292574484 -0.497126984651 -0.317152340150 -0.807638009426 0.504840 0.168280 0.067312
TRF d 0.795620870 0.507582627 1.292574484 0.497126984651 0.317152340150 0.807638009426 0.504840 0.168280 0.067312
ISO Fe 26 56 24 1.454054403e+00
TRF c 0.000000000 0.420700000 0.000000000 0.000000000000 1.000000000000 0.000000000000 0.504840 0.168280 0.067312
TRF c 0.000000000 -0.420700000 0.000000000 0.000000000000 1.000000000000 0.000000000000 0.504840 0.168280 0.067312
TRF d -0.874134645 -1.616953562 -1.374940614 -0.380811121115 -0.704415391667 -0.598984011488 0.504840 0.168280 0.067312
TRF d -2.208830300 0.614966820 -0.109528111 -0.962262675646 0.267906329320 -0.047715215282 0.504840 0.168280 0.067312
TRF t -1.391149606 1.352505617 1.226598231 -0.606045354562 0.589210349710 0.534359609259 0.504840 0.168280 0.067312
TRF d 2.067177334 0.103082122 0.992604573 0.900552474433 0.044907061779 0.432421780899 0.504840 0.168280 0.067312
TRF d -0.612883007 -1.355164302 1.748432448 -0.266998529513 -0.590368588835 0.761693320540 0.504840 0.168280 0.067312
TRF d 0.030994929 2.148524210 0.807462025 0.013502741064 0.935990716636 0.351765624180 0.504840 0.168280 0.067312
TRF d -0.758160886 -2.149488918 0.272031898 -0.330287900558 -0.936410985276 0.118508942274 0.504840 0.168280 0.067312
TRF d -1.189497929 1.922120378 -0.399574545 -0.518197102045 0.837359347339 -0.174072073738 0.504840 0.168280 0.067312
TRF t 1.601300602 1.617918269 0.295446690 0.697596280609 0.704835660307 0.128709445034 0.504840 0.168280 0.067312
TRF t 1.359003069 -0.840878902 -1.647769772 0.592040923076 -0.366323470849 -0.717840274788 0.504840 0.168280 0.067312
TRF t -1.696511705 -0.102590372 -1.542865885 -0.739074383892 -0.044692834011 -0.672139573052 0.504840 0.168280 0.067312
TRF d 0.906281182 1.105326847 1.796112154 0.394815552601 0.481528512806 0.782464677017 0.504840 0.168280 0.067312
TRF d 0.471230041 2.073213244 -0.865355986 0.205288328299 0.903181979934 -0.376986754923 0.504840 0.168280 0.067312
TRF d 2.145765733 0.388734362 -0.716719544 0.934789003848 0.169349618115 -0.312234247207 0.504840 0.168280 0.067312
TRF d 1.954045992 -1.202869208 -0.062624436 0.851267534873 -0.524022213524 -0.027281931838 0.504840 0.168280 0.067312
TRF d -2.004112767 -1.106783305 -0.166356918 -0.873078802635 -0.482163009213 -0.072472318410 0.504840 0.168280 0.067312
TRF d -0.141733120 -0.386075677 -2.258311135 -0.061745119773 -0.168191378990 -0.983818682592 0.504840 0.168280 0.067312
TRF d -1.858834888 -0.312458689 1.310043632 -0.809789431589 -0.136120612772 0.570712059856 0.504840 0.168280 0.067312
TRF d 1.015695172 0.844029337 -1.877522220 0.442481051539 0.367695937741 -0.817930447164 0.504840 0.168280 0.067312
TRF d 0.931963643 -0.616660798 2.005064866 0.406003951064 -0.268644299805 0.873493578627 0.504840 0.168280 0.067312
TRF d 0.626601544 -2.071756786 -0.764399250 0.272974921735 -0.902547483526 -0.333005603684 0.504840 0.168280 0.067312
TRF d -0.515863353 0.309308253 2.215248360 -0.224732543026 0.134748145880 0.965058662096 0.504840 0.168280 0.067312
TRF d 0.818832301 -1.922612128 0.949835857 0.356719011505 -0.837573575107 0.413789865890 0.504840 0.168280 0.067312
TRF d -0.677179335 1.204563186 -1.832912319 -0.295008810292 0.524760184008 -0.798496431507 0.504840 0.168280 0.067312
