rank  nuclide   Z   N  n_d  n_t   yield%    cum%(x2frag)
   1    Te-134   52  82   20   30    6.001      6.7
   2    Xe-138   54  84   22   30    4.954     12.2
   3    Zr-100   40  60   18   20    4.896     17.7
   4     Sr-94   38  56   18   18    4.705     22.9
   5     Sr-95   38  57   17   19    4.667     28.1
   6    Xe-139   54  85   21   31    4.568     33.2
   7     Kr-90   36  54   16   18    4.502     38.2
   8    Ba-144   56  88   22   32    4.208     42.9
   9     Zr-99   40  59   19   19    3.993     47.4
  10    Ba-143   56  87   23   31    3.978     51.8
  11     Sr-96   38  58   16   20    3.854     56.1
  12    Xe-140   54  86   20   32    3.801     60.3
  13    Te-135   52  83   19   31    3.683     64.4
  14     Kr-91   36  55   15   19    3.278     68.1
  15    Cs-141   55  86   22   31    3.266     71.7
  16     Kr-89   36  53   17   17    3.146     75.2
  17    Zr-101   40  61   17   21    3.139     78.7
  18     Rb-93   37  56   16   19    3.045     82.1
  19     I-137   53  84   20   31    2.951     85.4
  20     Rb-92   37  55   17   18    2.871     88.6
  21    Ba-142   56  86   24   30    2.852     91.8
  22    Xe-137   54  83   23   29    2.732     94.8
  23     Sr-93   38  55   19   17    2.719     97.9
  24     Zr-98   40  58   20   18    2.684    100.9
  25     I-135   53  82   22   29    2.549    103.7
  26    Cs-142   55  87   21   32    2.403    106.4
  27    Sb-133   51  82   18   31    2.277    108.9
  28     Rb-91   37  54   18   17    2.229    111.4
  29    Ba-145   56  89   21   33    2.121    113.8
  30    Cs-140   55  85   23   30    2.106    116.1
  31    Te-136   52  84   18   32    1.996    118.3
  32     Kr-92   36  56   14   20    1.944    120.5
  33    Nb-103   41  62   18   21    1.778    122.5
  34      Y-99   39  60   16   21    1.774    124.5
  35    Zr-102   40  62   16   22    1.765    126.4
  36    Nb-101   41  60   20   19    1.742    128.4
  37     Sr-97   38  59   15   21    1.675    130.2
  38     Kr-88   36  52   18   16    1.651    132.1
  39    Te-132   52  80   22   28    1.612    133.9
  40    La-145   57  88   24   31    1.578    135.6
  41    Cs-143   55  88   20   33    1.569    137.4
  42    Xe-141   54  87   19   33    1.555    139.1
  43    Sb-131   51  80   20   29    1.496    140.8
  44     Br-88   35  53   15   18    1.475    142.4
  45     Br-87   35  52   16   17    1.411    144.0
  46     Rb-94   37  57   15   20    1.398    145.6
  47     I-138   53  85   19   32    1.382    147.1
  48     Br-89   35  54   14   19    1.294    148.5
  49    Xe-136   54  82   24   28    1.252    149.9
  50    Ce-148   58  90   24   32    1.238    151.3
  51     Se-86   34  52   14   18    1.225    152.7
  52    Sb-132   51  81   19   30    1.223    154.1
  53    Cs-139   55  84   24   29    1.189    155.4
  54      Y-95   39  56   20   17    1.184    156.7
  55     Sr-92   38  54   20   16    1.155    158.0
  56    Te-133   52  81   21   29    1.152    159.3
  57    Mo-104   42  62   20   20    1.125    160.5
  58    La-147   57  90   22   33    1.039    161.7
  59    Nb-102   41  61   19   20    1.020    162.8
  60    Ba-141   56  85   25   29    1.008    163.9
  61    Ce-147   58  89   25   31    1.002    165.1
  62     Se-85   34  51   15   17    0.958    166.1
  63     Zr-97   40  57   21   17    0.937    167.2
  64    Mo-103   42  61   21   19    0.927    168.2
  65    Ba-146   56  90   20   34    0.918    169.2
  66     I-136   53  83   21   30    0.913    170.2
  67    La-144   57  87   25   30    0.809    171.1
  68    Ce-149   58  91   23   33    0.744    172.0
  69      Y-96   39  57   19   18    0.734    172.8
  70     Se-84   34  50   16   16    0.713    173.6
  71     Se-87   34  53   13   19    0.713    174.4
  72    Mo-105   42  63   19   21    0.693    175.2
  73     Rb-95   37  58   14   21    0.648    175.9
  74    Ce-146   58  88   26   30    0.622    176.6
  75      Y-97   39  58   18   19    0.619    177.3
  76     Br-86   35  51   17   16    0.618    178.0
  77     Sr-98   38  60   14   22    0.596    178.6
  78     I-139   53  86   18   33    0.589    179.3
  79     I-134   53  81   23   28    0.556    179.9
  80    Sn-132   50  82   16   32    0.534    180.5
  81    Xe-142   54  88   18   34    0.520    181.1
  82    La-146   57  89   23   32    0.513    181.6
  83     Kr-93   36  57   13   21    0.496    182.2
  84    Te-137   52  85   17   33    0.480    182.7
  85     Br-90   35  55   13   20    0.476    183.3
  86      Y-98   39  59   17   20    0.469    183.8
  87    Mo-102   42  60   22   18    0.455    184.3
  88     Kr-87   36  51   19   15    0.397    184.7
  89    Ce-150   58  92   22   34    0.380    185.2
  90    Zr-103   40  63   15   23    0.370    185.6
  91    Mo-106   42  64   18   22    0.361    186.0
  92    La-143   57  86   26   29    0.342    186.4
  93     Se-88   34  54   12   20    0.339    186.7
  94    La-148   57  91   21   34    0.334    187.1
  95    Sn-130   50  80   18   30    0.323    187.5
  96    Sn-131   50  81   17   31    0.308    187.8
  97    Nb-104   41  63   17   22    0.308    188.1
  98      Y-94   39  55   21   16    0.294    188.5
  99    Ba-140   56  84   26   28    0.293    188.8
 100     Y-100   39  61   15   22    0.289    189.1
 101     As-83   33  50   14   17    0.274    189.4
 102     Zr-96   40  56   22   16    0.262    189.7
 103     Rb-89   37  52   20   15    0.256    190.0
 104    Sb-130   51  79   21   28    0.251    190.3
 105    Pr-151   59  92   24   33    0.241    190.6
 106     Nb-99   41  58   22   17    0.231    190.8
 107    Pr-150   59  91   25   32    0.227    191.1
 108    Sb-134   51  83   17   32    0.224    191.3
 109     Br-85   35  50   18   15    0.219    191.6
 110     Sr-91   38  53   21   15    0.214    191.8
 111    Pr-149   59  90   26   31    0.208    192.0
 112    Cs-144   55  89   19   34    0.206    192.3
 113     Se-83   34  49   17   15    0.180    192.5
 114    Sb-135   51  84   16   33    0.178    192.7
 115    Sn-129   50  79   19   29    0.176    192.9
 116      He-4    2   2    0    0    0.170    193.0
 117     Y-101   39  62   14   23    0.169    193.2
 118    Ce-145   58  87   27   29    0.166    193.4
 119    Ba-147   56  91   19   35    0.162    193.6
 120     I-133   53  80   24   27    0.153    193.8
 121     Br-91   35  56   12   21    0.151    193.9
 122    Nb-100   41  59   21   18    0.143    194.1
 123     As-85   33  52   12   19    0.141    194.3
 124    Sn-133   50  83   15   33    0.136    194.4
 125    Nb-105   41  64   16   23    0.135    194.6
 126    Cs-138   55  83   25   28    0.130    194.7
 127    Nd-152   60  92   26   32    0.127    194.8
 128     Ge-82   32  50   12   18    0.122    195.0
 129    Mo-107   42  65   17   23    0.121    195.1
 130     I-140   53  87   17   34    0.120    195.2
 131    Mo-101   42  59   23   17    0.117    195.4
 132    Tc-105   43  62   22   19    0.114    195.5
 133     As-84   33  51   13   18    0.113    195.6
 134     Sr-99   38  61   13   23    0.107    195.8
 135    Nd-153   60  93   25   33    0.105    195.9
 136    Pr-152   59  93   23   34    0.104    196.0
 137    Ce-151   58  93   21   35    0.103    196.1
 138     Kr-94   36  58   12   22    0.098    196.2
 139    Te-138   52  86   16   34    0.094    196.3
 140    La-149   57  92   20   35    0.094    196.4
 141     Ge-81   32  49   13   17    0.093    196.5
 142     Ge-80   32  48   14   16    0.090    196.6
 143    Cs-145   55  90   18   35    0.090    196.7
 144    Te-131   52  79   23   27    0.086    196.8
 145    Sn-128   50  78   20   28    0.086    196.9
 146     Rb-90   37  53   19   16    0.081    197.0
 147    Xe-143   54  89   17   35    0.079    197.1
 148    Tc-104   43  61   23   18    0.078    197.2
 149     Kr-86   36  50   20   14    0.075    197.3
 150    Nd-151   60  91   27   31    0.075    197.3
 151    Sn-127   50  77   21   27    0.073    197.4
 152    Cs-137   55  82   26   27    0.072    197.5
 153     As-81   33  48   16   15    0.070    197.6
 154    Xe-135   54  81   25   27    0.069    197.7
 155     Se-89   34  55   11   21    0.069    197.7
 156    Pr-148   59  89   27   30    0.068    197.8
 157     Rb-96   37  59   13   22    0.067    197.9
 158    Nd-154   60  94   24   34    0.062    198.0
 159    La-142   57  85   27   28    0.057    198.0
 160     Se-82   34  48   18   14    0.056    198.1
 161    Zr-104   40  64   14   24    0.055    198.1
 162     Ge-83   32  51   11   19    0.054    198.2
 163    In-129   49  80   16   31    0.049    198.3
 164     As-86   33  53   11   20    0.044    198.3
 165    Te-130   52  78   24   26    0.041    198.4
 166    Sn-126   50  76   22   26    0.040    198.4
 167    In-130   49  81   15   32    0.039    198.4
 168    Ba-139   56  83   27   27    0.038    198.5
 169     As-82   33  49   15   16    0.037    198.5
 170    Mo-108   42  66   16   24    0.036    198.6
 171    Pr-153   59  94   22   35    0.035    198.6
 172     Zr-95   40  55   23   15    0.035    198.6
 173    Ce-144   58  86   28   28    0.035    198.7
 174    Nd-150   60  90   28   30    0.032    198.7
 175     Sr-90   38  52   22   14    0.031    198.8
 176     Rb-88   37  51   21   14    0.031    198.8
 177    Tc-106   43  63   21   20    0.028    198.8
 178    Sb-129   51  78   22   27    0.028    198.9
 179    Pr-147   59  88   28   29    0.028    198.9
 180    Tc-103   43  60   24   17    0.026    198.9
 181     Rb-97   37  60   12   23    0.025    198.9
 182    Nb-106   41  65   15   24    0.021    199.0
 183    Ba-148   56  92   18   36    0.021    199.0
 184    Sb-136   51  85   15   34    0.021    199.0
 185     I-141   53  88   16   35    0.021    199.0
 186     Ga-79   31  48   12   17    0.021    199.1
 187     Br-92   35  57   11   22    0.020    199.1
 188    Nd-155   60  95   23   35    0.020    199.1
 189     Br-84   35  49   19   14    0.020    199.1
 190    Ce-152   58  94   20   36    0.020    199.1
 191     Ga-80   31  49   11   18    0.018    199.2
 192     Ge-84   32  52   10   20    0.018    199.2
 193    Mo-100   42  58   24   16    0.018    199.2
 194     As-80   33  47   17   14    0.018    199.2
 195    Tc-109   43  66   18   23    0.017    199.2
 196    Tc-108   43  65   19   22    0.017    199.3
 197    Tc-110   43  67   17   24    0.015    199.3
 198    Sr-100   38  62   12   24    0.015    199.3
 199    Sn-134   50  84   14   34    0.013    199.3
 200    In-131   49  82   14   33    0.012    199.3
 201    Ru-111   44  67   19   23    0.012    199.3
 202     I-132   53  79   25   26    0.012    199.4
 203     Nb-98   41  57   23   16    0.012    199.4
 204    La-150   57  93   19   36    0.011    199.4
 205     Y-102   39  63   13   24    0.011    199.4
 206       H-3    1   2   -2    1    0.011    199.4
 207    In-124   49  75   21   26    0.011    199.4
 208     As-87   33  54   10   21    0.011    199.4
 209    Pd-116   46  70   20   24    0.010    199.4
 210     Se-90   34  56   10   22    0.010    199.4
 211    Cd-122   48  74   20   26    0.010    199.5
 212     Ga-78   31  47   13   16    0.010    199.5
 213     Kr-95   36  59   11   23    0.010    199.5
 214    Tc-107   43  64   20   21    0.010    199.5
 215    In-128   49  79   17   30    0.010    199.5
 216    In-125   49  76   20   27    0.010    199.5
 217    Xe-134   54  80   26   26    0.010    199.5
 218      Y-93   39  54   22   15    0.010    199.5
 219    Rh-113   45  68   20   23    0.010    199.5
 220    Mo-109   42  67   15   25    0.009    199.6
 221    Pm-155   61  94   26   33    0.009    199.6
 222    Cs-146   55  91   17   36    0.009    199.6
 223    Sn-125   50  75   23   25    0.009    199.6
 224    Nb-107   41  66   14   25    0.009    199.6
 225    Te-139   52  87   15   35    0.009    199.6
 226    La-141   57  84   28   27    0.008    199.6
 227    Ru-110   44  66   20   22    0.008    199.6
 228    Xe-144   54  90   16   36    0.008    199.6
 229    Ag-119   47  72   20   25    0.008    199.6
 230     Ge-78   32  46   16   14    0.008    199.7
 231     Ga-81   31  50   10   19    0.008    199.7
 232    Sb-127   51  76   24   25    0.008    199.7
 233    In-127   49  78   18   29    0.007    199.7
 234    Cd-120   48  72   22   24    0.007    199.7
 235    Sn-124   50  74   24   24    0.007    199.7
 236    In-123   49  74   22   25    0.007    199.7
 237    Ru-112   44  68   18   24    0.007    199.7
 238    In-126   49  77   19   28    0.007    199.7
 239    Nd-149   60  89   29   29    0.007    199.7
 240    Sb-128   51  77   23   26    0.007    199.7
 241      Y-92   39  53   23   14    0.007    199.7
 242    Pm-156   61  95   25   34    0.006    199.7
 243    Tc-111   43  68   16   25    0.006    199.8
 244    Pd-118   46  72   18   26    0.006    199.8
 245     Nb-97   41  56   24   15    0.006    199.8
 246    Pm-153   61  92   28   31    0.005    199.8
 247     Br-83   35  48   20   13    0.005    199.8
 248     Kr-85   36  49   21   13    0.005    199.8
 249    In-132   49  83   13   34    0.005    199.8
 250     Ga-77   31  46   14   15    0.005    199.8
 251    Nd-156   60  96   22   36    0.005    199.8
 252    Pr-154   59  95   21   36    0.005    199.8
 253    Rh-115   45  70   18   25    0.005    199.8
 254    Cs-136   55  81   27   26    0.005    199.8
 255    Cd-124   48  76   18   28    0.004    199.8
 256    Rh-114   45  69   19   24    0.004    199.8
 257    Ba-138   56  82   28   26    0.004    199.8
 258    Pr-146   59  87   29   28    0.004    199.8
 259    Nb-108   41  67   13   26    0.004    199.8
 260    Pd-114   46  68   22   22    0.004    199.8
 261     Zr-94   40  54   24   14    0.003    199.8
 262     Ge-79   32  47   15   15    0.003    199.8
 263    Pm-157   61  96   24   35    0.003    199.8
 264    Ce-143   58  85   29   27    0.003    199.9
 265     Zn-76   30  46   12   16    0.003    199.9
 266     Rb-87   37  50   22   13    0.003    199.9
 267    Pm-154   61  93   27   32    0.003    199.9
 268    Zr-105   40  65   13   25    0.003    199.9
 269    Sm-157   62  95   27   33    0.003    199.9
 270    In-122   49  73   23   24    0.003    199.9
 271      He-6    2   4   -2    2    0.003    199.9
 272    Sm-156   62  94   28   32    0.003    199.9
 273    Ag-120   47  73   19   26    0.003    199.9
 274    Pd-117   46  71   19   25    0.003    199.9
 275    Ru-113   44  69   17   25    0.002    199.9
 276     Zn-78   30  48   10   18    0.002    199.9
 277     Ge-85   32  53    9   21    0.002    199.9
 278    Ag-121   47  74   18   27    0.002    199.9
 279    Cd-121   48  73   21   25    0.002    199.9
 280    Sb-126   51  75   25   24    0.002    199.9
 281     As-79   33  46   18   13    0.002    199.9
 282    Ru-105   44  61   25   17    0.002    199.9
 283     Zn-77   30  47   11   17    0.002    199.9
 284     Sr-89   38  51   23   13    0.002    199.9
 285    Ru-109   44  65   21   21    0.002    199.9
 286    Pd-115   46  69   21   23    0.002    199.9
 287    Tc-102   43  59   25   16    0.002    199.9
 288    Rh-112   45  67   21   22    0.002    199.9
 289     Y-103   39  64   12   25    0.002    199.9
 290     Br-93   35  58   10   23    0.002    199.9
 291    Sb-137   51  86   14   35    0.002    199.9
 292    Mo-110   42  68   14   26    0.002    199.9
 293    Rh-111   45  66   22   21    0.002    199.9
 294     Mo-99   42  57   25   15    0.002    199.9
 295       H-1    1   0    0   -1    0.002    199.9
 296    In-121   49  72   24   23    0.002    199.9
 297    Ce-153   58  95   19   37    0.002    199.9
 298    Cd-123   48  75   19   27    0.001    199.9
 299     I-142   53  89   15   36    0.001    199.9
 300    Pd-119   46  73   17   27    0.001    199.9
 301     Ga-76   31  45   15   14    0.001    199.9
 302     Ga-82   31  51    9   20    0.001    199.9
 303    Sm-158   62  96   26   34    0.001    199.9
 304    Ag-118   47  71   21   24    0.001    199.9
 305     I-131   53  78   26   25    0.001    199.9
 306    Ba-149   56  93   17   37    0.001    200.0
 307    Ru-114   44  70   16   26    0.001    200.0
 308    La-151   57  94   18   37    0.001    200.0
 309    Cd-119   48  71   23   23    0.001    200.0
 310    Sm-155   62  93   29   31    0.001    200.0
 311    Nd-148   60  88   30   28    0.001    200.0
 312     As-88   33  55    9   22    0.001    200.0
 313     Zn-79   30  49    9   19    0.001    200.0
 314     Ge-77   32  45   17   13    0.001    200.0
 315     Rb-98   37  61   11   24    0.001    200.0
 316    Rh-116   45  71   17   26    0.001    200.0
 317    Sr-101   38  63   11   25    0.001    200.0
 318    Rh-117   45  72   16   27    0.001    200.0
 319     Se-81   34  47   19   13    0.001    200.0
 320    Tc-112   43  69   15   26    0.001    200.0
 321       H-2    1   1   -1    0    0.001    200.0
 322     Kr-96   36  60   10   24    0.001    200.0
 323    Sm-159   62  97   25   35    0.001    200.0
 324    Sn-123   50  73   25   23    0.001    200.0
 325    Cd-130   48  82   12   34    0.001    200.0
 326    Sb-125   51  74   26   23    0.001    200.0
 327    Ag-116   47  69   23   22    0.001    200.0
 328    Sn-135   50  85   13   35    0.001    200.0
 329     Se-91   34  57    9   23    0.001    200.0
 330    Pr-155   59  96   20   37    0.001    200.0
 331    Pm-151   61  90   30   29    0.001    200.0
 332    Te-140   52  88   14   36    0.001    200.0
 333     Se-80   34  46   20   12    0.001    200.0
 334    Cd-118   48  70   24   22    0.001    200.0
 335     Zn-75   30  45   13   15    0.001    200.0
 336    Cs-147   55  92   16   37    0.001    200.0
 337    Ag-122   47  75   17   28    0.001    200.0
 338    Nd-157   60  97   21   37    0.001    200.0
 339    Ag-117   47  70   22   23    0.001    200.0
 340     Be-10    4   6    0    2    0.001    200.0
 341      B-10    5   5    3    0    0.001    200.0
 342    La-140   57  83   29   26    0.001    200.0
 343    Ru-108   44  64   22   20    0.001    200.0
 344    Pm-152   61  91   29   30    0.000    200.0
 345    Xe-133   54  79   27   25    0.000    200.0
 346    Pm-158   61  97   23   36    0.000    200.0
 347     Nb-96   41  55   25   14    0.000    200.0
 348     Kr-84   36  48   22   12    0.000    200.0
 349    Ru-104   44  60   26   16    0.000    200.0
 350    Pr-145   59  86   30   27    0.000    200.0
 351    Sm-154   62  92   30   30    0.000    200.0
 352    Pd-113   46  67   23   21    0.000    200.0
 353    Xe-145   54  91   15   37    0.000    200.0
 354     Zn-80   30  50    8   20    0.000    200.0
 355    Pd-120   46  74   16   28    0.000    200.0
 356    Cs-135   55  80   28   25    0.000    200.0
 357    Tc-101   43  58   26   15    0.000    200.0
 358     Ge-86   32  54    8   22    0.000    200.0
 359    Sn-122   50  72   26   22    0.000    200.0
 360    Rh-118   45  73   15   28    0.000    200.0
 361    Nb-109   41  68   12   27    0.000    200.0
 362    In-133   49  84   12   35    0.000    200.0
 363     Zn-74   30  44   14   14    0.000    200.0
 364    Cd-126   48  78   16   30    0.000    200.0
 365     Ga-83   31  52    8   21    0.000    200.0
 366    Cd-125   48  77   17   29    0.000    200.0
 367    Ru-115   44  71   15   27    0.000    200.0
 368     Br-82   35  47   21   12    0.000    200.0
 369    Sm-160   62  98   24   36    0.000    200.0
 370    In-120   49  71   25   22    0.000    200.0
 371    Ce-142   58  84   30   26    0.000    200.0
 372    Ag-123   47  76   16   29    0.000    200.0
 373     Zr-93   40  53   25   13    0.000    200.0
 374     Ge-76   32  44   18   12    0.000    200.0
 375    Eu-159   63  96   28   33    0.000    200.0
 376      C-14    6   8    2    2    0.000    200.0
 377    Tc-113   43  70   14   27    0.000    200.0
 378    Mo-111   42  69   13   27    0.000    200.0
 379     As-78   33  45   19   12    0.000    200.0
 380    Te-126   52  74   28   22    0.000    200.0
 381     Ga-75   31  44   16   13    0.000    200.0
 382    Pd-112   46  66   24   20    0.000    200.0
 383     Rb-99   37  62   10   25    0.000    200.0
 384    Pm-159   61  98   22   37    0.000    200.0
 385     Ne-21   10  11    7    1    0.000    200.0
 386     Mo-98   42  56   26   14    0.000    200.0
 387     Sr-88   38  50   24   12    0.000    200.0
 388    Eu-160   63  97   27   34    0.000    200.0
 389    In-119   49  70   26   21    0.000    200.0
 390      Y-91   39  52   24   13    0.000    200.0
 391     Cu-75   29  46   10   17    0.000    200.0
 392     I-143   53  90   14   37    0.000    200.0
 393    Ce-154   58  96   18   38    0.000    200.0
 394    Eu-158   63  95   29   32    0.000    200.0
 395     Br-94   35  59    9   24    0.000    200.0
 396     As-89   33  56    8   23    0.000    200.0
 397    Ag-115   47  68   24   21    0.000    200.0
 398    Nd-147   60  87   31   27    0.000    200.0
 399    Sb-138   51  87   13   36    0.000    200.0
 400    Eu-157   63  94   30   31    0.000    200.0
 401      Li-8    3   5   -1    2    0.000    200.0
 402      Be-8    4   4    2    0    0.000    200.0
 403     Cu-74   29  45   11   16    0.000    200.0
 404     Y-104   39  65   11   26    0.000    200.0
 405    Pm-150   61  89   31   28    0.000    200.0
 406    Ba-150   56  94   16   38    0.000    200.0
 407    Ru-116   44  72   14   28    0.000    200.0
 408     Cu-76   29  47    9   18    0.000    200.0
 409    Zr-108   40  68   10   28    0.000    200.0
 410    Ba-137   56  81   29   25    0.000    200.0
 411    La-152   57  95   17   38    0.000    200.0
 412    Cd-131   48  83   11   35    0.000    200.0
 413    Sr-102   38  64   10   26    0.000    200.0
 414     Cu-73   29  44   12   15    0.000    200.0
 415    Eu-161   63  98   26   35    0.000    200.0
 416    Pr-156   59  97   19   38    0.000    200.0
 417     Rb-86   37  49   23   12    0.000    200.0
 418      Li-9    3   6   -2    3    0.000    200.0
 419      Be-9    4   5    1    1    0.000    200.0
 420       B-9    5   4    4   -1    0.000    200.0
 421     Cu-77   29  48    8   19    0.000    200.0
 422    Pd-121   46  75   15   29    0.000    200.0
 423    Sb-124   51  73   27   22    0.000    200.0
 424     Zn-81   30  51    7   21    0.000    200.0
 425     Se-92   34  58    8   24    0.000    200.0
 426     Kr-97   36  61    9   25    0.000    200.0
 427    Nd-158   60  98   20   38    0.000    200.0
 428    Cd-117   48  69   25   21    0.000    200.0
 429    Cd-116   48  68   26   20    0.000    200.0
 430     I-130   53  77   27   24    0.000    200.0
 431    Sm-161   62  99   23   37    0.000    200.0
 432      C-15    6   9    1    3    0.000    200.0
 433    La-139   57  82   30   25    0.000    200.0
 434    Sn-136   50  86   12   36    0.000    200.0
 435    Te-141   52  89   13   37    0.000    200.0
 436    Ag-124   47  77   15   30    0.000    200.0
 437    Sm-153   62  91   31   29    0.000    200.0
 438    Xe-132   54  78   28   24    0.000    200.0
 439    Ag-114   47  67   25   20    0.000    200.0
 440     Nb-95   41  54   26   13    0.000    200.0
 441     Ga-84   31  53    7   22    0.000    200.0
 442     Cu-72   29  43   13   14    0.000    200.0
 443    Eu-156   63  93   31   30    0.000    200.0
 444    Cs-148   55  93   15   38    0.000    200.0
 445     Se-79   34  45   21   11    0.000    200.0
 446    Rh-109   45  64   24   19    0.000    200.0
 447    Xe-146   54  92   14   38    0.000    200.0
 448     Ge-87   32  55    7   23    0.000    200.0
 449    Tc-100   43  57   27   14    0.000    200.0
 450     Be-12    4   8   -2    4    0.000    200.0
 451      B-12    5   7    1    2    0.000    200.0
 452     Br-81   35  46   22   11    0.000    200.0
 453    Eu-162   63  99   25   36    0.000    200.0
 454    Rh-119   45  74   14   29    0.000    200.0
 455    Gd-162   64  98   28   34    0.000    200.0
 456    Gd-161   64  97   29   33    0.000    200.0
 457    Gd-160   64  96   30   32    0.000    200.0
 458    Tc-114   43  71   13   28    0.000    200.0
 459    Sm-152   62  90   32   28    0.000    200.0
 460    Ru-103   44  59   27   15    0.000    200.0
 461     Ni-72   28  44   10   16    0.000    200.0
 462     Kr-83   36  47   23   11    0.000    200.0
 463     As-77   33  44   20   11    0.000    200.0
 464     Cu-78   29  49    7   20    0.000    200.0
 465    Nb-110   41  69   11   28    0.000    200.0
 466    Sn-121   50  71   27   21    0.000    200.0
 467     Ga-74   31  43   17   12    0.000    200.0
 468    Pm-160   61  99   21   38    0.000    200.0
 469    Rh-110   45  65   23   20    0.000    200.0
 470     Zn-72   30  42   16   12    0.000    200.0
 471     Ni-73   28  45    9   17    0.000    200.0
 472    Cs-134   55  79   29   24    0.000    200.0
 473    In-134   49  85   11   36    0.000    200.0
 474    Ru-117   44  73   13   29    0.000    200.0
 475     Zr-92   40  52   26   12    0.000    200.0
 476      Y-90   39  51   25   12    0.000    200.0
 477    Ce-141   58  83   31   25    0.000    200.0
 478     Ni-71   28  43   11   15    0.000    200.0
 479    Pd-122   46  76   14   30    0.000    200.0
 480    Sb-123   51  72   28   21    0.000    200.0
 481    Gd-163   64  99   27   35    0.000    200.0
 482    Mo-112   42  70   12   28    0.000    200.0
 483    Pd-111   46  65   25   19    0.000    200.0
 484     Ni-74   28  46    8   18    0.000    200.0
 485    Gd-159   64  95   31   31    0.000    200.0
 486    Pm-149   61  88   32   27    0.000    200.0
 487     Cu-71   29  42   14   13    0.000    200.0
 488     Zn-73   30  43   15   13    0.000    200.0
 489    Rb-100   37  63    9   26    0.000    200.0
 490    Zr-106   40  66   12   26    0.000    200.0
 491    Nd-146   60  86   32   26    0.000    200.0
 492     Mo-97   42  55   27   13    0.000    200.0
 493    Sm-162   62 100   22   38    0.000    200.0
 494    Te-128   52  76   26   24    0.000    200.0
 495     Rb-85   37  48   24   11    0.000    200.0
 496     Br-95   35  60    8   25    0.000    200.0
 497    Eu-155   63  92   32   29    0.000    200.0
 498    Eu-163   63 100   24   37    0.000    200.0
 499    Ru-106   44  62   24   18    0.000    200.0
 500    Ce-155   58  97   17   39    0.000    200.0
 501     Zn-82   30  52    6   22    0.000    200.0
 502     Ni-70   28  42   12   14    0.000    200.0
 503    Sb-139   51  88   12   37    0.000    200.0
 504    Cd-128   48  80   14   32    0.000    200.0
 505     As-90   33  57    7   24    0.000    200.0
 506    Ag-125   47  78   14   31    0.000    200.0
 507    Sn-120   50  70   28   20    0.000    200.0
 508    Pr-157   59  98   18   39    0.000    200.0
 509    Gd-164   64 100   26   36    0.000    200.0
 510    Nd-159   60  99   19   39    0.000    200.0
 511    Ba-136   56  80   30   24    0.000    200.0
 512    Te-129   52  77   25   25    0.000    200.0
 513    Cd-132   48  84   10   36    0.000    200.0
 514     I-144   53  91   13   38    0.000    200.0
 515    Pr-144   59  85   31   26    0.000    200.0
 516    Cd-129   48  81   13   33    0.000    200.0
 517    La-153   57  96   16   39    0.000    200.0
 518     Sr-87   38  49   25   11    0.000    200.0
 519    Ru-102   44  58   28   14    0.000    200.0
 520     Ni-75   28  47    7   19    0.000    200.0
 521     Cu-79   29  50    6   21    0.000    200.0
 522    Ba-151   56  95   15   39    0.000    200.0
 523     Ga-73   31  42   18   11    0.000    200.0
 524    Rh-105   45  60   28   15    0.000    200.0
 525    Ag-113   47  66   26   19    0.000    200.0
 526     Y-105   39  66   10   27    0.000    200.0
 527    Zr-107   40  67   11   27    0.000    200.0
 528     Kr-98   36  62    8   26    0.000    200.0
 529    Ru-107   44  63   23   19    0.000    200.0
 530    Gd-158   64  94   32   30    0.000    200.0
 531    Rh-120   45  75   13   30    0.000    200.0
 532    Sr-103   38  65    9   27    0.000    200.0
 533    Cd-127   48  79   15   31    0.000    200.0
 534     Ga-85   31  54    6   23    0.000    200.0
 535    Te-125   52  73   29   21    0.000    200.0
 536     Ni-76   28  48    6   20    0.000    200.0
 537    In-118   49  69   27   20    0.000    200.0
 538    Te-142   52  90   12   38    0.000    200.0
 539    Ru-118   44  74   12   30    0.000    200.0
 540     Se-93   34  59    7   25    0.000    200.0
 541    Cd-115   48  67   27   19    0.000    200.0
 542    Zr-109   40  69    9   29    0.000    200.0
 543     Ge-75   32  43   19   11    0.000    200.0
 544    Pr-143   59  84   32   25    0.000    200.0
 545    Sm-151   62  89   33   27    0.000    200.0
 546    La-138   57  81   31   24    0.000    200.0
 547     Ge-88   32  56    6   24    0.000    200.0
 548    Sn-137   50  87   11   37    0.000    200.0
 549    Gd-165   64 101   25   37    0.000    200.0
 550    Tc-115   43  72   12   29    0.000    200.0
 551    Pd-110   46  64   26   18    0.000    200.0
 552    Pm-161   61 100   20   39    0.000    200.0
 553     Se-78   34  44   22   10    0.000    200.0
 554    Cs-149   55  94   14   39    0.000    200.0
 555    Tb-163   65  98   30   33    0.000    200.0
 556     Ni-69   28  41   13   13    0.000    200.0
 557    Te-127   52  75   27   23    0.000    200.0
 558     Tc-99   43  56   28   13    0.000    200.0
 559    Pd-123   46  77   13   31    0.000    200.0
 560    Eu-164   63 101   23   38    0.000    200.0
 561    Tb-164   65  99   29   34    0.000    200.0
 562     As-76   33  43   21   10    0.000    200.0
 563     Nb-94   41  53   27   12    0.000    200.0
 564    Tb-165   65 100   28   35    0.000    200.0
 565    Ag-112   47  65   27   18    0.000    200.0
 566     Kr-82   36  46   24   10    0.000    200.0
 567    Mo-113   42  71   11   29    0.000    200.0
 568     Co-71   27  44    8   17    0.000    200.0
 569     Co-69   27  42   10   15    0.000    200.0
 570    Sm-163   62 101   21   39    0.000    200.0
 571    Ag-126   47  79   13   32    0.000    200.0
 572     Ge-74   32  42   20   10    0.000    200.0
 573    Gd-157   64  93   33   29    0.000    200.0
 574    Te-124   52  72   30   20    0.000    200.0
 575    Tb-162   65  97   31   32    0.000    200.0
 576    Xe-147   54  93   13   39    0.000    200.0
 577    Sb-122   51  71   29   20    0.000    200.0
 578    Cs-133   55  78   30   23    0.000    200.0
 579    In-117   49  68   28   19    0.000    200.0
 580    Rh-108   45  63   25   18    0.000    200.0
 581    Nb-111   41  70   10   29    0.000    200.0
 582    Ag-130   47  83    9   36    0.000    200.0
 583    Xe-131   54  77   29   23    0.000    200.0
 584     Ni-68   28  40   14   12    0.000    200.0
 585    Ce-140   58  82   32   24    0.000    200.0
 586    Cd-114   48  66   28   18    0.000    200.0
 587     Co-70   27  43    9   16    0.000    200.0
 588    Eu-154   63  91   33   28    0.000    200.0
 589     Zn-71   30  41   17   11    0.000    200.0
 590     Cu-80   29  51    5   22    0.000    200.0
 591    Rb-101   37  64    8   27    0.000    200.0
 592     Co-72   27  45    7   18    0.000    200.0
 593    Tb-166   65 101   27   36    0.000    200.0
 594     Zn-83   30  53    5   23    0.000    200.0
 595    Gd-166   64 102   24   38    0.000    200.0
 596    In-135   49  86   10   37    0.000    200.0
 597     Zr-91   40  51   27   11    0.000    200.0
 598    Nd-145   60  85   33   25    0.000    200.0
 599     Cu-69   29  40   16   11    0.000    200.0
 600    Tb-161   65  96   32   31    0.000    200.0
 601     Mo-96   42  54   28   12    0.000    200.0
 602      Y-89   39  50   26   11    0.000    200.0
 603    Ce-156   58  98   16   40    0.000    200.0
 604     Br-80   35  45   23   10    0.000    200.0
 605     As-91   33  58    6   25    0.000    200.0
 606     Ni-77   28  49    5   21    0.000    200.0
 607    Nd-160   60 100   18   40    0.000    200.0
 608     Co-68   27  41   11   14    0.000    200.0
 609     Br-96   35  61    7   26    0.000    200.0
 610    Pm-148   61  87   33   26    0.000    200.0
 611    Tc-116   43  73   11   30    0.000    200.0
 612     Ga-72   31  41   19   10    0.000    200.0
 613     Cu-70   29  41   15   12    0.000    200.0
 614     I-126   53  73   31   20    0.000    200.0
 615     Co-67   27  40   12   13    0.000    200.0
 616    Sn-119   50  69   29   19    0.000    200.0
 617    Eu-165   63 102   22   39    0.000    200.0
 618    Ru-101   44  57   29   13    0.000    200.0
 619     Zn-70   30  40   18   10    0.000    200.0
 620    Rh-121   45  76   12   31    0.000    200.0
 621    Tb-167   65 102   26   37    0.000    200.0
 622     Co-73   27  46    6   19    0.000    200.0
 623    Pr-158   59  99   17   40    0.000    200.0
 624     Sr-86   38  48   26   10    0.000    200.0
 625    Ba-135   56  79   31   23    0.000    200.0
 626    Dy-166   66 100   30   34    0.000    200.0
 627    Ba-152   56  96   14   40    0.000    200.0
 628    Pd-124   46  78   12   32    0.000    200.0
 629     Ga-86   31  55    5   24    0.000    200.0
 630    La-154   57  97   15   40    0.000    200.0
 631    Rh-104   45  59   29   14    0.000    200.0
 632    Sm-150   62  88   34   26    0.000    200.0
 633     Rb-84   37  47   25   10    0.000    200.0
 634     Ni-67   28  39   15   11    0.000    200.0
 635    Dy-167   66 101   29   35    0.000    200.0
 636     Fe-68   26  42    8   16    0.000    200.0
 637    Gd-156   64  92   34   28    0.000    200.0
 638    Tb-160   65  95   33   30    0.000    200.0
 639     Kr-99   36  63    7   27    0.000    200.0
 640    Eu-153   63  90   34   27    0.000    200.0
 641    Dy-165   66  99   31   33    0.000    200.0
 642     Fe-67   26  41    9   15    0.000    200.0
 643    Pm-162   61 101   19   40    0.000    200.0
 644    Sb-121   51  70   30   19    0.000    200.0
 645    Sr-104   38  66    8   28    0.000    200.0
 646     Se-94   34  60    6   26    0.000    200.0
 647     Fe-66   26  40   10   14    0.000    200.0
 648    Sm-164   62 102   20   40    0.000    200.0
 649     Fe-69   26  43    7   17    0.000    200.0
 650     Y-108   39  69    7   30    0.000    200.0
 651    La-137   57  80   32   23    0.000    200.0
 652    Dy-168   66 102   28   36    0.000    200.0
 653    Dy-164   66  98   32   32    0.000    200.0
 654    Gd-167   64 103   23   39    0.000    200.0
 655     Ge-89   32  57    5   25    0.000    200.0
 656     Nb-93   41  52   28   11    0.000    200.0
 657     Co-66   27  39   13   12    0.000    200.0
 658     Tc-98   43  55   29   12    0.000    200.0
 659    Xe-130   54  76   30   22    0.000    200.0
 660     Ni-78   28  50    4   22    0.000    200.0
 661     Co-74   27  47    5   20    0.000    200.0
 662    Zr-110   40  70    8   30    0.000    200.0
 663    Ru-119   44  75   11   31    0.000    200.0
 664    Tb-168   65 103   25   38    0.000    200.0
 665    In-116   49  67   29   18    0.000    200.0
 666     Fe-70   26  44    6   18    0.000    200.0
 667    Pm-147   61  86   34   25    0.000    200.0
 668    Mo-114   42  72   10   30    0.000    200.0
 669    Cs-150   55  95   13   40    0.000    200.0
 670     Ge-73   32  41   21    9    0.000    200.0
 671    Tb-159   65  94   34   29    0.000    200.0
 672     Fe-65   26  39   11   13    0.000    200.0
 673    Dy-163   66  97   33   31    0.000    200.0
 674    Dy-169   66 103   27   37    0.000    200.0
 675    Pr-142   59  83   33   24    0.000    200.0
 676      Y-88   39  49   27   10    0.000    200.0
 677     Kr-81   36  45   25    9    0.000    200.0
 678    Tc-117   43  74   10   31    0.000    200.0
 679     Ga-71   31  40   20    9    0.000    200.0
 680    Eu-166   63 103   21   40    0.000    200.0
 681    Pd-109   46  63   27   17    0.000    200.0
 682     Ni-66   28  38   16   10    0.000    200.0
 683     Cu-68   29  39   17   10    0.000    200.0
 684    Rh-122   45  77   11   32    0.000    200.0
 685    Nd-144   60  84   34   24    0.000    200.0
 686    Rb-102   37  65    7   28    0.000    200.0
 687     Co-65   27  38   14   11    0.000    200.0
 688    Nb-112   41  71    9   30    0.000    200.0
 689     Mo-95   42  53   29   11    0.000    200.0
 690    Cs-132   55  77   31   22    0.000    200.0
 691     Fe-71   26  45    5   19    0.000    200.0
 692     Br-97   35  62    6   27    0.000    200.0
 693    Ce-157   58  99   15   41    0.000    200.0
 694    Pr-159   59 100   16   41    0.000    200.0
 695    Nd-161   60 101   17   41    0.000    200.0
 696     Fe-64   26  38   12   12    0.000    200.0
 697     Se-77   34  43   23    9    0.000    200.0
 698    Ag-111   47  64   28   17    0.000    200.0
 699    Ba-134   56  78   32   22    0.000    200.0
 700    Cd-113   48  65   29   17    0.000    200.0
 701     As-75   33  42   22    9    0.000    200.0
 702     Br-79   35  44   24    9    0.000    200.0
 703     As-92   33  59    5   26    0.000    200.0
 704    Tb-169   65 104   24   39    0.000    200.0
 705    Sn-118   50  68   30   18    0.000    200.0
 706    Gd-168   64 104   22   40    0.000    200.0
 707    Dy-162   66  96   34   30    0.000    200.0
 708    Dy-170   66 104   26   38    0.000    200.0
 709    Te-123   52  71   31   19    0.000    200.0
 710     Co-75   27  48    4   21    0.000    200.0
 711    In-115   49  66   30   17    0.000    200.0
 712    Ce-139   58  81   33   23    0.000    200.0
 713    Ru-100   44  56   30   12    0.000    200.0
 714    Pm-163   61 102   18   41    0.000    200.0
 715    Ho-169   67 102   30   35    0.000    200.0
 716     I-125   53  72   32   19    0.000    200.0
 717    Ho-167   67 100   32   33    0.000    200.0
 718    Sm-149   62  87   35   25    0.000    200.0
 719     Mn-65   25  40    8   15    0.000    200.0
 720    La-155   57  98   14   41    0.000    200.0
 721    Sm-165   62 103   19   41    0.000    200.0
 722    Rh-103   45  58   30   13    0.000    200.0
 723     Mn-66   25  41    7   16    0.000    200.0
 724     Cu-67   29  38   18    9    0.000    200.0
 725    Gd-155   64  91   35   27    0.000    200.0
 726     Zr-90   40  50   28   10    0.000    200.0
 727    Eu-152   63  89   35   26    0.000    200.0
 728     Zn-69   30  39   19    9    0.000    200.0
 729    Kr-100   36  64    6   28    0.000    200.0
 730     Fe-72   26  46    4   20    0.000    200.0
 731     Mn-67   25  42    6   17    0.000    200.0
 732     Rb-83   37  46   26    9    0.000    200.0
 733     Mn-64   25  39    9   14    0.000    200.0
 734    Ho-168   67 101   31   34    0.000    200.0
 735    Ba-153   56  97   13   41    0.000    200.0
 736     Sr-85   38  47   27    9    0.000    200.0
 737    Tb-158   65  93   35   28    0.000    200.0
